18087053 129 0.241402
18087054 122 0.24
18087055 129 0.248879
18087056 126 0.255377
18087057 124 0.252267
18087058 121 0.270888
18087059 120 0.272858
18087060 118 0.272052
18087061 117 0.278503
18087062 115 0.284434
18058027 69 0.544335
18087063 113 0.303492
18087067 128 0.24872
18088002 122 0.26128
18088003 117 0.281915
18088004 116 0.28055
18088005 112 0.287905
18088006 127 0.248805
18088007 124 0.246673
18088008 121 0.262208
18058028 67 0.573585
18088009 120 0.263445
18088010 116 0.285224
18088011 115 0.292325
18088012 108 0.295348
18088013 108 0.314564
18088014 106 0.318878
18088015 102 0.321384
18088016 104 0.335073
18088017 105 0.342173
18058029 67 0.565432
18088040 128 0.226873
18088041 126 0.23382
18088042 123 0.258514
18089006 131 0.212032
18089007 125 0.243123
18089008 120 0.253936
18089009 116 0.277297
18089010 114 0.296133
18058031 65 0.576851
18089011 129 0.236448
18089013 123 0.262
18089014 120 0.275302
18089015 116 0.275157
18089017 117 0.288383
18089018 113 0.293713
18089054 118 0.254727
18089055 117 0.245445
18058032 65 0.568182
18089063 112 0.291604
18089064 113 0.336134
18089065 127 0.235956
18090001 128 0.222591
18090003 122 0.259013
18090004 117 0.254575
18090005 118 0.261853
18090006 117 0.265628
18090007 115 0.275486
18090008 113 0.285588
18090009 113 0.286042
18090010 112 0.293171
18090011 109 0.305075
18090012 108 0.318804
18090013 106 0.319844
18090014 105 0.332515
18090020 135 0.21371
18059008 80 0.304813
18090021 131 0.22987
18090022 128 0.239105
18090023 127 0.235828
18090024 124 0.257168
18090025 121 0.261163
18090026 117 0.281919
18090027 125 0.349206
18090047 120 0.264861
18059009 81 0.364607
18090056 107 0.321704
18090057 119 0.271458
18090058 120 0.342697
18090059 116 0.227273
18090060 113 0.290014
18090061 111 0.303751
18090062 106 0.311578
18090063 104 0.330792
18090064 102 0.340037
18090066 100 0.357597
18059010 77 0.373729
18090070 77 0.361205
18090071 94 0.373279
18090072 93 0.392925
18090073 91 0.394317
18091002 137 0.211177
18091003 117 0.223009
18091005 132 0.225015
18091006 127 0.239741
18091007 122 0.254137
18059013 74 0.356707
18091008 124 0.282297
18091009 119 0.271553
18091010 117 0.285298
18091011 113 0.302985
18091012 127 0.242383
18091013 124 0.25934
18091014 122 0.272818
18091015 120 0.272458
18091016 118 0.276802
18091017 117 0.297939
18091018 117 0.25
18091019 115 0.288954
18091025 136 0.160839
18091026 137 0.198459
18091027 132 0.215722
18091028 133 0.175439
18091029 130 0.225921
18091030 125 0.244292
18091031 123 0.26258
18059016 70 0.426771
18091032 120 0.270666
18091033 118 0.282273
18091034 115 0.295119
18091035 112 0.301175
18091037 126 0.261516
18091038 126 0.256435
18091039 124 0.262677
18059017 68 0.423544
18091047 124 0.25624
18091048 119 0.276641
18091049 115 0.278124
18091050 113 0.297995
18091051 114 0.335496
18091052 126 0.249507
18091053 124 0.254353
18091054 122 0.262821
18091055 121 0.287234
18059018 67 0.456967
18091056 121 0.263609
18091057 117 0.283639
18091058 114 0.3125
18092001 114 0.317919
18092002 109 0.309315
18092003 139 0.227273
18092004 111 0.304878
18092006 107 0.294643
18059021 77 0.473761
18092007 106 0.336735
18092008 106 0.312432
18092014 130 0.253731
18092015 127 0.247698
18092016 121 0.262445
18092017 117 0.280616
18092018 114 0.294317
18092019 111 0.314671
18092020 124 0.243161
18092021 119 0.258885
18059024 76 0.458333
18092022 126 0.206693
18092023 124 0.25921
18092024 121 0.262702
18092025 120 0.314152
18092026 129 0.346154
18092027 117 0.265738
18092028 116 0.292378
18059026 75 0.4736
18092054 122 0.257143
18092062 115 0.297791
18092063 110 0.291898
18092064 125 0.258272
18092065 125 0.302817
18092068 119 0.276373
18092069 112 0.290389
18092070 117 0.2846
18092071 116 0.29556
18092072 113 0.302269
18092074 110 0.33804
18092078 108 0.317521
18092079 106 0.308813
18092085 103 0.337146
18092086 101 0.351607
18092100 133 0.230833
18092101 127 0.244961
18092102 122 0.25601
18093001 118 0.281433
18093002 117 0.286645
18093003 115 0.307675
18093005 129 0.228814
18093006 127 0.244035
18093008 125 0.250839
18093010 112 0.272561
18093011 118 0.280412
18093013 114 0.294353
18093014 112 0.308872
18093015 109 0.319096
18093016 109 0.3253
18093017 107 0.34371
18093023 129 0.251561
18093025 99 0.258725
18093026 117 0.411765
18093027 120 0.296068
18093028 118 0.287857
18093029 114 0.299362
18093030 113 0.295107
18093031 126 0.253525
18093033 124 0.252487
18093034 122 0.265566
18093035 121 0.277721
18093038 103 0.292051
18093039 114 0.303478
18093041 111 0.309588
18093042 106 0.307955
18094005 147 0.291667
18094007 132 0.231576
18094008 128 0.202292
18094010 125 0.247084
18094013 120 0.211338
18094014 118 0.292375
18094015 100 0.25
18094017 113 0.300515
18094018 113 0.307865
18094020 110 0.315959
18094021 148 0.288136
18094022 106 0.340637
18094030 122 0.215464
18094031 118 0.274571
18094032 105 0.363636
18094034 116 0.283246
18094035 100 0.2
18094037 105 0.271186
18094038 112 0.303197
18094039 112 0.302744
18094050 134 0.113549
18094051 131 0.228234
18094052 126 0.24346
18094053 123 0.247606
18094054 120 0.274486
18094057 117 0.275516
18094058 113 0.166667
18094059 110 0.300116
18059066 89 0.363416
18094062 119 0.275251
18094064 115 0.289459
18094065 109 0.330341
18094066 102 0.302013
18094068 111 0.30335
18094069 109 0.316571
18094070 108 0.322928
18094076 140 0.19315
18059067 86 0.393782
18094077 133 0.226156
18094078 107 0.247492
18094079 132 0.245409
18094080 127 0.243582
18095001 124 0.256646
18095002 120 0.267812
18095003 117 0.290027
18095004 114 0.296808
18095005 112 0.310817
18095006 112 0.308927
18059068 83 0.379189
18095007 104 0.236438
18095008 125 0.253916
18095009 122 0.266989
18095010 87 0.257204
18095011 118 0.264949
18095012 116 0.28053
18095014 110 0.299683
18095017 93 0.236486
18095018 144 0.288591
18059069 83 0.363333
18095019 103 0.322148
18095022 129 0.297412
18095023 126 0.312559
18095024 125 0.314208
18095055 130 0.225468
18095056 127 0.245784
18059072 78 0.41183
18095057 123 0.249361
18095058 119 0.271247
18096001 117 0.301624
18096002 114 0.29255
18096003 122 0.294772
18096006 134 0.221544
18096007 131 0.220023
18096009 123 0.26719
18059077 76 0.431324
18096010 118 0.266111
18096011 115 0.293122
18096012 112 0.291871
18096013 126 0.243199
18096014 124 0.255768
18096015 120 0.273567
18097004 130 0.257485
18059078 74 0.45089
18097008 117 0.25752
18097009 115 0.276171
18097010 112 0.292099
18097011 113 0.319149
18097012 110 0.307692
18060002 72 0.473029
18097037 125 0.241628
18097038 119 0.249214
18097039 120 0.273717
18097040 116 0.282454
18097041 114 0.287159
18097042 114 0.276657
18097044 127 0.233786
18097049 123 0.259504
18097051 121 0.253173
18097052 116 0.272608
18060003 71 0.457815
18097054 115 0.288251
18097065 109 0.32026
18098001 108 0.303531
18098002 107 0.322124
18098006 125 0.255955
18098007 102 0.266851
18098008 120 0.271811
18098009 115 0.278723
18098010 112 0.309581
18098011 110 0.317053
18098012 123 0.25753
18098013 98 0.25
18098014 121 0.27066
18098015 118 0.28204
18098016 115 0.291287
18098017 103 0.291902
18060007 67 0.493891
18098020 109 0.320497
18098022 106 0.333912
18098023 105 0.323641
18098028 138 0.208462
18098029 133 0.212454
18098030 128 0.234192
18098031 123 0.243412
18060008 66 0.518282
18098032 121 0.274603
18098033 115 0.281592
18098034 116 0.317848
18098035 130 0.231263
18098036 127 0.242194
18098037 124 0.258239
18098038 121 0.263962
18098039 121 0.278376
18098040 116 0.317431
18098041 118 0.28185
18098042 114 0.28
18098043 112 0.297967
18098044 110 0.308434
18098048 128 0.233182
18098049 123 0.254859
18098053 117 0.289569
18098054 113 0.298043
18098055 112 0.307634
18060013 95 0.264813
18099003 124 0.243452
18099005 119 0.236593
18099006 115 0.280769
18099007 111 0.300191
18099010 124 0.264069
18099011 123 0.25321
18099012 118 0.268063
18060015 93 0.329018
18099013 117 0.296748
18099014 115 0.27773
18099015 111 0.300205
18099017 108 0.326748
18099018 104 0.338551
18099019 99 0.366215
18099025 130 0.231862
18099026 124 0.261056
18060016 89 0.341048
18099027 120 0.276456
18099028 115 0.286343
18099031 122 0.26011
18099032 119 0.280306
18099033 116 0.281527
18099034 115 0.294468
18099036 110 0.308151
18099037 108 0.32576
18099038 106 0.32655
18099041 127 0.237643
18099042 125 0.214765
18099047 131 0.215948
18100001 125 0.251689
18100002 121 0.268563
18100003 119 0.266234
18100004 116 0.278002
18100008 126 0.237009
18100009 99 0.244681
18100010 122 0.265648
18100011 119 0.276958
18100013 116 0.274075
18100015 111 0.300493
18100016 108 0.197136
18100017 107 0.329268
18100018 107 0.33262
18100023 136 0.208291
18100025 128 0.246487
18100027 124 0.26049
18100029 119 0.276345
18100033 115 0.288926
18100034 112 0.307121
18100044 127 0.248597
18100045 123 0.242004
18100046 118 0.274868
18100048 114 0.306683
18100049 111 0.309716
18100050 111 0.315412
18100051 121 0.277975
18100052 118 0.286941
18100053 119 0.190476
18100054 116 0.28729
18100055 115 0.285347
18100056 113 0.301484
18100057 112 0.313255
18100058 104 0.345309
18100059 108 0.326077
18101004 121 0.259682
18060114 86 0.4
18101006 117 0.275715
18101007 115 0.290298
18101008 112 0.306658
18101010 122 0.275222
18101011 105 0.275583
18101012 118 0.281074
18101016 130 0.232797
18101017 127 0.252161
18060115 93 0.321375
18101018 122 0.265406
18101019 118 0.279471
18101020 116 0.292314
18101021 115 0.297928
18101022 111 0.330128
18101027 135 0.214201
18101028 132 0.234202
18101029 128 0.289855
18101030 126 0.250893
18060116 85 0.5
18101031 122 0.269916
18101032 118 0.259259
18101033 115 0.224299
18101034 112 0.283133
18101035 108 0.22807
18101036 118 0.274155
18101037 116 0.286527
18101038 114 0.285418
18101039 110 0.315267
18101040 127 0.250847
18060117 89 0.340782
18101041 124 0.263442
18101042 122 0.275737
18101043 119 0.282093
18101044 116 0.293287
18101045 113 0.309432
18101046 111 0.297447
18101047 110 0.307076
18101057 133 0.235426
18102001 127 0.250851
18102002 120 0.257885
18102003 113 0.27851
18102004 119 0.270103
18102005 117 0.300288
18102007 115 0.292011
18102008 113 0.315659
18102009 112 0.258266
18102010 124 0.26103
18102011 121 0.253744
18102012 119 0.278863
18060119 85 0.375635
18102013 110 0.278559
18102014 117 0.282719
18102016 110 0.296805
18102017 109 0.323737
18102018 108 0.322243
18102021 104 0.324961
18102023 101 0.347832
18102024 85 0.347134
18060120 83 0.415094
18103001 109 0.302908
18103003 124 0.251474
18103009 117 0.27754
18103015 128 0.248904
18103016 123 0.125
18103017 121 0.272874
18103018 115 0.3125
18061007 80 0.42304
18103020 112 0.308106
18103021 109 0.303416
18103023 121 0.318414
18103056 123 0.249586
18103057 120 0.271005
18103058 115 0.284715
18103060 112 0.278439
18104001 110 0.304456
18061008 78 0.413357
18104002 107 0.327364
18104003 107 0.334228
18104004 104 0.334053
18104005 104 0.345992
18104010 130 0.227813
18104011 125 0.248845
18104012 122 0.262107
18104013 117 0.274153
18061012 82 0.459286
18104014 110 0.313893
18104015 111 0.310876
18104016 123 0.274113
18104017 119 0.278062
18104018 102 0.261818
18104019 117 0.284797
18104020 114 0.296541
18104021 119 0.295699
18104022 110 0.308083
18104023 109 0.310217
18061013 81 0.50308
18104025 106 0.340228
18104026 104 0.340842
18104027 103 0.339147
18104036 103 0.330911
18104037 115 0.283939
18104038 111 0.292569
18104039 109 0.324072
18104040 106 0.329818
18061014 80 0.477383
18104041 104 0.331631
18104043 101 0.359041
18104044 99 0.363342
18104045 96 0.376342
18104046 93 0.416786
18104047 93 0.402337
18104048 91 0.390718
18105002 89 0.415029
18105012 122 0.254759
18105013 119 0.287234
18105014 115 0.273897
18105015 113 0.297297
18105017 111 0.312217
18105018 124 0.279412
18105019 121 0.270747
18105020 116 0.286047
18105021 107 0.274827
18105022 114 0.303347
18061023 97 0.430714
18105023 111 0.320583
18105024 111 0.285211
18105028 106 0.333766
18105029 105 0.392727
18105030 103 0.336907
18105031 100 0.335603
18105040 116 0.290244
18061024 94 0.444204
18105041 113 0.304529
18105042 110 0.29419
18105043 112 0.380567
18105044 108 0.329177
18105045 121 0.262838
18105046 121 0.274257
18105047 116 0.265734
18105048 114 0.29361
18105049 112 0.334096
18105051 110 0.31157
18061027 91 0.469119
18105053 108 0.334047
18105054 104 0.338182
18105055 105 0.297821
18105056 102 0.360802
18106008 127 0.244898
18106009 123 0.260321
18106011 120 0.276815
18061028 89 0.414027
18106013 106 0.459291
18106021 145 0.198451
18106023 140 0.207243
18106024 135 0.225782
18106031 131 0.231383
18106032 127 0.255
18106033 123 0.28739
18106034 119 0.25
18106035 116 0.307095
18106038 114 0.294881
18106044 124 0.361789
18106045 121 0.319749
18106046 119 0.271382
18106048 115 0.266667
18106056 112 0.297334
18106057 112 0.309185
18106058 111 0.324074
18106059 108 0.314206
18106065 117 0.283133
18106066 115 0.299296
18106067 112 0.293103
18106068 111 0.361963
18106069 107 0.339869
18107005 129 0.237354
18107026 117 0.320088
18061049 91 0.284404
18107027 114 0.302594
18107028 111 0.33419
18107030 124 0.214575
18107031 120 0.27027
18107040 114 0.307159
18107042 114 0.316092
18107043 111 0.296482
18061051 94 0.35589
18108006 118 0.286667
18108007 118 0.266914
18108010 115 0.277045
18108020 122 0.25861
18108022 118 0.308642
18108026 114 0.313131
18108028 112 0.31444
18108029 109 0.353403
18108031 107 0.345588
18108036 112 0.380952
18061052 93 0.313559
18108037 105 0.331019
18108038 109 0.314943
18108039 103 0.339339
18108053 126 0.247443
18108082 105 0.326675
18108083 119 0.232
18108084 116 0.359649
18061053 91 0.347518
18108085 115 0.284003
18108087 112 0.312412
18108088 110 0.326797
18108089 106 0.326693
18108090 103 0.345588
18108091 102 0.380048
18108092 99 0.386447
18108102 124 0.252373
18109001 122 0.266621
18061055 90 0.360584
18109008 115 0.305637
18109009 112 0.325476
18109024 115 0.295134
18109025 111 0.317871
18109026 110 0.299892
18109027 108 0.345479
18109032 107 0.328841
18109037 102 0.334753
18061056 88 0.388959
18109056 126 0.241597
18109057 123 0.248184
18109058 118 0.264706
18110001 116 0.271487
18110002 116 0.273273
18110004 114 0.282288
18110005 112 0.309394
18061057 85 0.391534
18110016 124 0.25393
18110017 122 0.242279
18110018 119 0.276458
18110019 115 0.294948
18110020 91 0.290385
18110021 128 0.246318
18111006 130 0.216169
18061058 83 0.416427
18111007 128 0.224726
18111008 123 0.252684
18111009 121 0.260045
18111010 117 0.276261
18111011 113 0.281445
18111012 128 0.237215
18111013 125 0.249004
18111014 123 0.263307
18111015 119 0.271619
18111016 117 0.288877
18061072 84 0.480392
18111019 114 0.297266
18111020 110 0.300732
18111021 108 0.272537
18111022 107 0.325741
18111032 133 0.229715
18111033 127 0.244819
18111034 124 0.252844
18111035 119 0.273267
18061073 83 0.525943
18111036 134 0.215249
18111038 129 0.252868
18111039 128 0.243461
18111040 122 0.267053
18111041 99 0.271148
18111042 114 0.302339
18111045 104 0.335553
18061074 83 0.459459
18111050 122 0.261759
18111051 117 0.370317
18111054 138 0.207741
18111055 133 0.237609
18112001 127 0.257516
18112002 122 0.276549
18112003 118 0.28585
18112005 129 0.240885
18112006 125 0.261047
18061075 82 0.504202
18112007 122 0.271171
18112008 118 0.277328
18112009 115 0.291184
18112010 111 0.314371
18112029 132 0.22169
18112030 129 0.239583
18112031 125 0.267167
18061076 83 0.424138
18112032 121 0.255154
18112033 118 0.275798
18112034 109 0.297334
18112036 96 0.357143
18112037 119 0.211921
18112038 125 0.264365
18112039 121 0.263781
18112040 117 0.286045
18112041 113 0.300611
18061077 81 0.505051
18112042 111 0.311097
18112043 108 0.315275
18112048 123 0.255612
18112049 118 0.276574
18113001 116 0.293019
18113002 112 0.307236
18113003 110 0.30484
18113004 125 0.262211
18113012 117 0.285714
18061078 81 0.52439
18113013 116 0.287332
18113014 114 0.301462
18113015 111 0.313594
18113016 109 0.31634
18113017 108 0.313899
18113019 105 0.32327
18113027 108 0.31791
18113028 122 0.278158
18061079 80 0.462626
18113029 116 0.290426
18113031 112 0.310332
18113032 108 0.310991
18113033 107 0.323191
18113034 105 0.337746
18113035 103 0.347752
18113037 100 0.365757
18113038 99 0.364482
18113040 97 0.381417
18113041 95 0.374983
18113049 132 0.23967
18113051 125 0.25676
18113052 124 0.261754
18113053 119 0.274145
18113054 115 0.299793
18113055 127 0.232851
18113057 121 0.270896
18113058 118 0.271022
18113060 116 0.287918
18113061 112 0.306804
18114007 118 0.27274
18114008 114 0.296518
18114009 111 0.322505
18114010 105 0.333286
18114011 104 0.349902
18114012 119 0.271367
18114052 129 0.23931
18114053 128 0.235247
18114054 123 0.2559
18114055 119 0.273898
18114056 114 0.28874
18114057 113 0.319912
18114059 126 0.24715
18114060 122 0.263012
18114061 117 0.278898
18061091 82 0.384762
18115001 118 0.265127
18115002 117 0.291732
18115003 115 0.302834
18115004 112 0.296823
18115005 110 0.299087
18115006 108 0.321376
18115007 107 0.31382
18115013 137 0.207176
18061092 83 0.364865
18115014 132 0.233451
18115015 127 0.24399
18115016 126 0.260448
18115018 120 0.286319
18115019 117 0.28125
18115020 111 0.308557
18115022 110 0.295352
18115023 129 0.25813
18115026 125 0.245902
18115027 123 0.26435
18061093 81 0.396746
18115028 120 0.277133
18115029 116 0.278891
18061094 79 0.413158
18116004 109 0.304696
18116005 106 0.326336
18116036 117 0.27987
18116045 125 0.242466
18116046 121 0.257911
18061097 77 0.453901
18116047 119 0.265064
18116048 117 0.273821
18117001 114 0.287313
18117002 110 0.311541
18117003 106 0.321368
18117008 105 0.326857
18117009 102 0.337394
18117010 101 0.352431
18117012 100 0.347851
18061098 76 0.425139
18117023 104 0.349765
18117024 105 0.322023
18117025 101 0.353221
18117026 99 0.357305
18117027 97 0.339286
18117028 96 0.374443
18117076 104 0.315995
18061099 74 0.432791
18117077 101 0.340527
18117078 99 0.351933
18117079 97 0.369397
18118001 93 0.387097
18118002 91 0.390231
18118004 88 0.408413
18118007 86 0.408463
18118008 86 0.421516
18118009 84 0.432055
18061100 73 0.472574
18118010 82 0.440497
18118011 81 0.438657
18118016 124 0.244359
18118017 120 0.271104
18118019 117 0.282807
18118020 115 0.274371
18061101 72 0.460826
18118021 111 0.301
18118025 108 0.317314
18118026 104 0.327857
18118027 103 0.347087
18061102 70 0.476712
18119018 132 0.194444
18119020 130 0.225634
18119021 120 0.188406
18119022 125 0.252976
18119024 119 0.274301
18119026 117 0.282902
18119028 114 0.297262
18061104 70 0.432099
18119029 127 0.245128
18119030 120 0.24
18119044 114 0.27935
18119045 111 0.294802
18119046 109 0.31663
18119047 101 0.32053
18062001 69 0.475209
18119055 135 0.148046
18120001 132 0.218516
18120003 127 0.245988
18120004 124 0.247303
18120005 121 0.3125
18120006 117 0.293716
18120007 117 0.276932
18120008 114 0.295912
18120009 111 0.294949
18120010 127 0.256676
18062002 67 0.461871
18120014 120 0.272395
18120015 118 0.275668
18120017 118 0.298466
18120018 115 0.294665
18120020 114 0.306095
18120030 142 0.203556
18120032 134 0.215729
18120033 126 0.248571
18120034 121 0.271854
18120035 133 0.23211
18120036 129 0.241403
18120037 119 0.235521
18120038 124 0.271703
18120039 119 0.282006
18120043 120 0.225852
18120046 117 0.283393
18062006 90 0.372577
18120047 115 0.302142
18120048 112 0.299391
18120051 110 0.311141
18120052 109 0.325
18120066 124 0.252973
18120068 120 0.276102
18121004 116 0.281208
18121008 101 0.304231
18062007 87 0.378025
18121009 100 0.302403
18121010 112 0.310542
18121011 125 0.255204
18121012 125 0.256392
18121013 121 0.264939
18121014 112 0.291304
18121015 118 0.275385
18121016 116 0.287897
18121018 116 0.304553
18062008 85 0.408829
18121020 112 0.308694
18121022 105 0.327138
18121023 100 0.210526
18121024 107 0.304734
18121025 108 0.318744
18121028 108 0.303704
18121029 108 0.323664
18121030 106 0.32475
18121031 106 0.336635
18121032 103 0.347816
18121033 102 0.344564
18062010 82 0.409586
18122026 108 0.321461
18122027 107 0.311137
18122028 103 0.339756
18122029 102 0.353547
18122030 100 0.359525
18062011 81 0.439794
18123004 112 0.296045
18123005 109 0.310083
18123006 122 0.251661
18123007 120 0.252963
18123011 113 0.290586
18062012 79 0.409639
18123012 110 0.315336
18123013 108 0.311692
18123014 105 0.320331
18123016 101 0.332947
18123017 102 0.344052
18123026 100 0.360127
18062014 76 0.426207
18124016 126 0.235718
18124021 120 0.258436
18124022 118 0.268595
18124023 113 0.272019
18124024 115 0.296984
18124025 112 0.284655
18124026 127 0.240471
18124027 124 0.251831
18124028 121 0.269305
18062015 75 0.454864
18125017 118 0.27373
18062016 73 0.42328
18125025 125 0.248016
18125027 122 0.270405
18125028 130 0.277244
18125029 117 0.271278
18125030 114 0.288474
18125031 114 0.286699
18125048 125 0.234204
18125049 120 0.266378
18062017 73 0.458656
18125050 114 0.289591
18125051 112 0.299472
18125052 124 0.254653
18125053 120 0.265251
18125056 117 0.2785
18125057 116 0.289229
18125058 113 0.303421
18126001 111 0.295423
18126002 110 0.311688
18126003 109 0.308471
18062018 72 0.458882
18127013 129 0.219008
18127038 113 0.298709
18127039 128 0.232311
18127041 125 0.24714
18127042 122 0.257241
18062021 71 0.486737
18127046 120 0.278116
18127048 118 0.264114
18127066 134 0.204274
18127080 136 0.184426
18127083 139 0.197709
18127084 132 0.198144
18127086 133 0.215999
18127087 127 0.240711
18127088 124 0.260541
18127089 119 0.257876
18127090 115 0.296875
18127091 120 0.263436
18128001 117 0.279789
18128002 114 0.28286
18128003 108 0.262411
18128004 110 0.296552
18128005 112 0.297967
18128006 126 0.245035
18128007 123 0.306493
18128008 120 0.267922
18128009 118 0.279902
18128010 116 0.277093
18128011 117 0.283289
18128012 113 0.29646
18128018 134 0.221537
18128020 128 0.230947
18128021 125 0.248696
18128022 122 0.265901
18128023 118 0.284713
18128024 115 0.2
18128025 113 0.335116
18062044 117 0.344262
18128028 124 0.258006
18128029 121 0.26578
18128030 120 0.272605
18128031 118 0.293977
18128032 115 0.296044
18128033 113 0.305262
18128034 109 0.321418
18128035 109 0.354839
18128051 145 0.154185
18062045 112 0.40824
18128052 146 0.187016
18128053 139 0.219229
18128054 134 0.230852
18128055 131 0.204545
18128056 128 0.244285
18128057 125 0.257066
18128058 121 0.267336
18128059 113 0.40075
18062046 112 0.392457
18129005 119 0.276212
18129006 115 0.293204
18129007 112 0.300884
18129008 128 0.250933
18129009 126 0.246928
18129013 123 0.2649
18129014 121 0.280498
18129015 119 0.275728
18129016 116 0.285804
18129017 113 0.321767
18062047 112 0.303665
18129018 113 0.293178
18129019 109 0.342761
18129036 129 0.240539
18129037 126 0.252
18129038 124 0.259176
18129039 118 0.268182
18062048 107 0.411514
18129045 113 0.325983
18129049 126 0.257916
18129050 124 0.27699
18129051 123 0.263189
18129052 120 0.266164
18129053 120 0.2808
18129054 117 0.28169
18129055 115 0.291075
18062052 102 0.45572
18129105 148 0.181696
18129107 143 0.200655
18129108 137 0.206504
18129109 131 0.226582
18129110 131 0.23563
18129111 129 0.245557
18129112 126 0.259548
18129113 122 0.26718
18129114 117 0.299229
18130001 114 0.301686
18130002 112 0.301418
18130003 127 0.256838
18130005 126 0.25751
18130006 122 0.261913
18130007 121 0.277357
18130008 120 0.284903
18130009 116 0.292446
18130010 116 0.296503
18130011 115 0.297213
18130012 111 0.307412
18130020 133 0.223659
18130021 129 0.246673
18130022 125 0.25132
18130023 121 0.276222
18130026 110 0.319777
18062055 100 0.474517
18130028 121 0.281048
18130031 118 0.283494
18130032 115 0.292906
18130035 112 0.311867
18130036 110 0.31252
18130092 134 0.231114
18130094 121 0.272914
18130095 135 0.230005
18062056 97 0.478604
18130096 129 0.245755
18130097 126 0.261332
18130098 122 0.266519
18131001 119 0.284963
18131002 117 0.304644
18131003 114 0.30416
18131004 112 0.31236
18131010 131 0.250897
18131011 125 0.23998
18062060 94 0.503876
18131012 124 0.270004
18131013 121 0.279735
18131015 116 0.300167
18131016 114 0.328681
18131017 128 0.252649
18131018 125 0.25844
18131019 124 0.27011
18131020 120 0.285346
18131021 118 0.289338
18131022 118 0.306069
18131094 142 0.157303
18131095 139 0.207337
18131096 132 0.233815
18131097 126 0.243778
18131098 108 0.341772
18132011 132 0.20955
18062064 90 0.514768
18132012 127 0.236402
18132013 123 0.250429
18132022 130 0.220214
18132024 126 0.23616
18132025 122 0.259087
18132026 119 0.268626
18132032 131 0.227273
18132041 125 0.232951
18132042 124 0.305646
18132061 129 0.228737
18132064 122 0.277905
18132065 116 0.284047
18133001 112 0.304478
18133002 113 0.296948
18133003 125 0.268841
18133004 125 0.251536
18133005 121 0.262751
18062068 86 0.519958
18133006 119 0.268762
18133007 117 0.266568
18133008 114 0.29326
18133009 112 0.303818
18133010 113 0.313614
18133012 110 0.306271
18133017 106 0.334638
18133041 122 0.239598
18133042 118 0.245811
18133043 115 0.265851
18133044 127 0.245975
18133045 123 0.258537
18133046 119 0.272727
18133047 115 0.267035
18133048 112 0.290644
18133049 110 0.310427
18133050 109 0.318347
18133051 102 0.297046
18062070 84 0.540385
18134002 138 0.203652
18134003 138 0.209637
18134004 131 0.227809
18134005 128 0.253773
18134009 101 0.204188
18134011 122 0.2477
18134012 118 0.261734
18134013 116 0.298914
18134014 115 0.285164
18134015 112 0.298897
18134017 110 0.30574
18134018 125 0.246611
18134019 123 0.259152
18134034 117 0.275748
18134035 113 0.290971
18134037 110 0.297756
18134040 119 0.274346
18134042 117 0.282764
18134043 64 0.5
18134045 104 0.263158
18134046 99 0.461538
18134047 91 0.298678
18134048 113 0.302578
18063008 125 0.279173
18134049 110 0.3027
18134050 106 0.311153
18134051 107 0.324612
18135003 119 0.280401
18135004 115 0.321002
18135007 110 0.299063
18063009 118 0.326222
18135008 107 0.328317
18135009 104 0.336139
18135010 103 0.328413
18135011 102 0.349599
18135012 100 0.353049
18135013 98 0.361429
18135014 97 0.387204
18063010 114 0.322763
18135026 129 0.24279
18135027 126 0.24082
18135028 121 0.284183
18135031 118 0.290952
18135033 113 0.298523
18135034 108 0.325823
18135035 121 0.255952
18135036 116 0.284269
18135037 111 0.303875
18135038 109 0.323866
18063011 111 0.356605
18135039 106 0.334153
18135050 143 0.198162
18135052 136 0.222103
18135053 136 0.193548
18135054 133 0.220179
18135056 130 0.250903
18135057 127 0.252161
18135059 122 0.268209
18063012 109 0.38172
18135060 120 0.273653
18135061 118 0.291649
18135062 113 0.306831
18135063 110 0.321723
18135065 126 0.262032
18136001 124 0.263071
18136002 121 0.259674
18063014 104 0.404535
18136009 135 0.231445
18136010 129 0.249776
18136011 127 0.279483
18136014 123 0.262498
18136015 134 0.209932
18136016 135 0.226482
18136017 134 0.211364
18063015 101 0.431479
18136018 131 0.248087
18136019 129 0.250932
18136020 126 0.214286
18136021 125 0.26685
18136022 121 0.273541
18136023 117 0.284242
18136024 118 0.287183
18136034 119 0.279625
18063016 99 0.431638
18136036 114 0.298852
18136037 126 0.248176
18136040 122 0.273963
18136041 118 0.263078
18063017 98 0.434722
18137008 126 0.273224
18137009 119 0.24955
18063018 94 0.456497
18137010 125 0.24844
18137011 122 0.260083
18137012 139 0.197661
18137013 136 0.223569
18137014 131 0.238435
18137015 128 0.251585
18137016 125 0.259557
18137017 122 0.263278
18137018 116 0.274941
18137019 113 0.319343
18063019 94 0.451977
18137027 113 0.307553
18137028 90 0.309091
18137029 109 0.319453
18138004 137 0.201561
18138005 126 0.242254
18138006 120 0.273242
18138007 113 0.284692
18138008 86 0.269341
18138009 120 0.241983
18138010 118 0.282293
18138011 114 0.3125
18138012 111 0.288226
18138013 110 0.313079
18138027 113 0.290101
18138029 116 0.291287
18138030 111 0.303668
18138031 108 0.315521
18138036 139 0.202348
18138037 135 0.219165
18139001 128 0.182233
18139002 122 0.259892
18139003 119 0.273211
18139004 119 0.292359
18139005 116 0.288646
18139011 128 0.247142
18139012 126 0.235595
18139014 121 0.269354
18139017 117 0.284354
18139019 116 0.299889
18139020 113 0.303282
18139021 112 0.321035
18139022 109 0.319701
18139033 121 0.284811
18139034 117 0.293892
18139035 115 0.31223
18139036 129 0.262927
18139037 126 0.261594
18139038 123 0.266874
18063052 74 0.559322
18139039 120 0.282132
18139041 118 0.284356
18139042 116 0.305635
18139043 114 0.317695
18139061 148 0.199154
18139063 140 0.213742
18139064 138 0.229661
18139066 133 0.208098
18063069 71 0.566787
18139067 128 0.263625
18140001 125 0.265208
18140002 120 0.279302
18140003 118 0.289389
18140008 127 0.259866
18140009 124 0.265062
18140010 123 0.284164
18140011 120 0.272727
18140012 115 0.286756
18063070 70 0.560197
18140013 115 0.319173
18140019 141 0.215402
18140020 136 0.222222
18140021 134 0.237125
18140022 132 0.24874
18140023 127 0.259146
18140024 122 0.354839
18140025 120 0.288889
18063071 69 0.540404
18140026 118 0.142857
18140027 113 0.305116
18140028 113 0.294118
18140029 111 0.30492
18140030 125 0.256992
18140034 123 0.276133
18140036 119 0.288953
18140037 117 0.298761
18140039 115 0.309335
18140040 112 0.295213
18140041 112 0.311294
18140054 144 0.204878
18140055 141 0.207398
18140056 136 0.232618
18140057 131 0.228401
18140058 128 0.2627
18140059 123 0.277489
18140060 122 0.284753
18141001 118 0.288277
18141002 115 0.294261
18141003 115 0.296753
18141007 127 0.209459
18141008 124 0.261992
18141011 117 0.294512
18141012 113 0.301323
18141013 112 0.313776
18141015 108 0.332366
18141016 105 0.347165
18141017 100 0.34732
18141019 102 0.366133
18141027 145 0.198391
18141030 136 0.227735
18141031 133 0.241998
18141032 128 0.257689
18141033 123 0.285649
18141034 122 0.281114
18141035 117 0.285449
18141036 116 0.28588
18141037 113 0.297297
18141038 111 0.313413
18141039 109 0.32053
18141040 122 0.263291
18141041 120 0.273215
18141042 120 0.28506
18141043 117 0.287982
18141044 115 0.307365
18141045 113 0.320228
18141046 110 0.312272
18141067 120 0.284084
18142001 117 0.302737
18142002 112 0.314239
18142005 105 0.316331
18142019 146 0.185033
18142020 142 0.200523
18142021 142 0.214005
18142022 136 0.224844
18142023 131 0.241863
18142024 127 0.251922
18142025 123 0.274122
18142026 121 0.292457
18142027 120 0.287858
18142029 116 0.300346
18142030 115 0.310057
18142031 112 0.316066
18142032 128 0.261376
18142033 124 0.264011
18142036 121 0.282292
18142037 117 0.285898
18142038 114 0.292779
18142039 114 0.310532
18142040 111 0.312516
18142066 128 0.253596
18142067 123 0.268773
18142068 121 0.28821
18142069 118 0.301487
18142082 113 0.312979
18142083 111 0.310402
18143001 76 0.30627
18143002 103 0.268623
18143003 120 0.248603
18063100 88 0.358974
18143005 121 0.288327
18143006 120 0.288156
18143007 117 0.298668
18143008 114 0.301638
18143009 113 0.31148
18143011 110 0.315294
18143012 110 0.320888
18063101 87 0.352941
18143032 139 0.21665
18143033 137 0.22152
18143034 133 0.23722
18143035 126 0.257017
18143036 121 0.264514
18143037 120 0.275723
18143038 116 0.293084
18143039 115 0.29199
18143040 110 0.301608
18063103 91 0.432312
18143041 110 0.318169
18143042 125 0.27006
18143043 122 0.280862
18143044 119 0.280476
18143045 118 0.28844
18143046 116 0.311262
18143058 136 0.242731
18063104 89 0.51087
18144001 130 0.247475
18144002 126 0.266801
18144003 122 0.267609
18144005 114 0.302061
18144006 112 0.314111
18144007 111 0.322908
18144010 122 0.276486
18144011 120 0.279029
18144012 118 0.291027
18063105 86 0.5087
18144014 112 0.278364
18144015 112 0.318754
18146003 136 0.207172
18146004 131 0.225617
18146005 128 0.247324
18146007 125 0.247772
18146008 119 0.263086
18146009 117 0.278581
18146010 114 0.281035
18146011 110 0.288832
18146012 111 0.303885
18146020 128 0.232737
18146021 123 0.261891
18146022 120 0.26226
18146024 116 0.295121
18146025 112 0.299031
18146026 126 0.249669
18146027 123 0.256571
18146028 120 0.274914
18146030 118 0.28047
18146033 112 0.296094
18146035 111 0.315024
18146036 108 0.316299
18146043 140 0.215427
18146045 135 0.219256
18146046 132 0.24364
18146047 128 0.249104
18146048 122 0.275231
18146049 117 0.267474
18063120 80 0.497
18147001 118 0.285646
18147002 116 0.286573
18147003 114 0.300717
18147004 111 0.270728
18147005 110 0.3
18147006 125 0.266592
18147007 116 0.256809
18147008 122 0.265799
18147009 120 0.284041
18147010 118 0.278846
18147011 116 0.212134
18147012 115 0.300418
18147013 114 0.295724
18147014 112 0.300162
18147025 141 0.21075
18147026 138 0.229969
18147035 129 0.244165
18147036 123 0.26714
18147037 121 0.273894
18147038 117 0.282686
18147039 116 0.28508
18147042 122 0.272367
18147043 119 0.281259
18064007 104 0.303114
18147044 115 0.28666
18147045 113 0.306311
18147046 110 0.327062
18147048 106 0.332497
18147049 104 0.338305
18148002 138 0.212749
18064008 110 0.33086
18148005 132 0.235755
18148006 129 0.240961
18148008 125 0.25472
18148009 122 0.27433
18148010 118 0.285514
18148011 116 0.290874
18148012 131 0.251544
18148013 129 0.251838
18148014 126 0.261473
18064009 107 0.347565
18148015 123 0.262697
18148016 119 0.259535
18148017 118 0.27755
18148019 116 0.281588
18148020 115 0.309068
18148022 113 0.306743
18148023 110 0.308764
18148031 133 0.236977
18064010 103 0.371251
18148032 128 0.247721
18148033 123 0.278136
18148034 121 0.286746
18148035 118 0.287051
18148037 131 0.224606
18148038 128 0.249675
18148039 125 0.259619
18148045 122 0.277084
18148046 120 0.293238
18148047 117 0.278386
18148048 115 0.295727
18148054 110 0.322482
18148061 135 0.217315
18148062 132 0.25347
18148063 128 0.258661
18148064 123 0.281174
18148067 135 0.232883
18148068 130 0.245446
18148069 126 0.250103
18149002 125 0.276119
18149003 120 0.259921
18149004 120 0.283811
18149005 117 0.305654
18149006 114 0.312585
18149008 113 0.308954
18149009 110 0.320698
18149010 110 0.345588
18149012 107 0.30821
18149019 146 0.201197
18149020 142 0.208236
18149021 139 0.215836
18149022 135 0.230015
18149025 130 0.249741
18149026 125 0.27068
18149027 122 0.269195
18149028 119 0.271984
18149029 119 0.283377
18149030 116 0.281102
18065011 123 0.273106
18065012 119 0.282108
18065013 113 0.368497
18065014 109 0.387911
18065015 107 0.403727
18065019 99 0.414006
18065020 98 0.388393
18065031 93 0.40708
18065032 92 0.447198
18065033 91 0.492823
18065045 128 0.253731
18065047 117 0.214286
18065060 107 0.282535
18065061 105 0.29055
18065062 104 0.240223
18065068 142 0.259701
18065069 136 0.269126
18065071 130 0.300321
18065072 129 0.285714
18065074 126 0.328523
18065076 122 0.357143
18065077 120 0.370555
18065079 112 0.335206
18065080 109 0.344
18065081 109 0.376068
18065082 108 0.44898
18065083 106 0.398533
18066008 135 0.267327
18066009 133 0.241071
18066010 131 0.268657
18066011 129 0.294686
18066012 127 0.319149
18066013 125 0.307359
18066017 119 0.348739
18066019 115 0.36699
18066020 110 0.409836
18066021 111 0.360927
18066024 110 0.395522
18066028 107 0.348178
18066045 132 0.29771
18066047 122 0.306011
18066048 117 0.336212
18066053 124 0.278195
18066054 120 0.3125
18066055 116 0.337997
18067001 110 0.34101
18067086 103 0.330769
18067087 101 0.297297
18067088 100 0.313253
18067089 99 0.315534
18067095 94 0.32419
18067096 94 0.38
18067097 91 0.382353
18068011 120 0.166667
18068012 116 0.243392
18068013 113 0.277555
18068014 112 0.263708
18068016 108 0.294751
18069027 106 0.301863
18069028 103 0.307427
18069029 100 0.331759
18069030 99 0.286996
18069033 97 0.412844
18069034 96 0.331288
18069035 93 0.344482
18069036 94 0.373377
18069037 94 0.361905
18069038 94 0.343478
18069040 89 0.394967
18069041 88 0.413415
18069042 87 0.375
18069061 118 0.269122
18069062 116 0.249367
18069064 109 0.284974
18069065 106 0.299166
18069073 92 0.370717
18070001 87 0.382372
18070002 83 0.403187
18070004 80 0.468852
18070005 87 0.388483
18070007 85 0.421951
18070026 112 0.269912
18070027 108 0.268398
18070029 106 0.258278
18070030 104 0.315582
18070032 99 0.34688
18070033 97 0.346341
18070034 95 0.38326
18070040 92 0.321782
18070041 91 0.35426
18070057 85 0.4
18070058 84 0.361446
18070068 80 0.426829
18070073 127 0.2625
18070074 122 0.226271
18070075 118 0.264231
18070076 113 0.273931
18070077 110 0.30473
18070079 105 0.32688
18070080 103 0.304791
18070081 103 0.305648
18070082 99 0.341442
18071001 96 0.360566
18071002 96 0.374269
18071005 94 0.337349
18071006 94 0.364026
18071007 93 0.381982
18071008 90 0.384035
18071009 88 0.389328
18071020 123 0.237624
18071023 113 0.251606
18071025 109 0.287356
18071029 107 0.297659
18071033 102 0.302564
18071034 100 0.346341
18071035 96 0.330482
18071036 95 0.403226
18071040 91 0.348273
18071041 90 0.352775
18071042 88 0.379397
18071051 94 0.430108
18071052 92 0.445652
18071077 137 0.192469
18071079 129 0.238417
18071080 123 0.229272
18071081 119 0.245245
18071082 117 0.314607
18071084 113 0.282051
18071085 109 0.30463
18071086 108 0.301508
18071087 106 0.318627
18072001 102 0.328643
18072002 100 0.337815
18072003 98 0.36748
18072005 92 0.359195
18072009 96 0.326667
18072010 95 0.360825
18072019 104 0.304878
18072020 100 0.327812
18072022 97 0.339654
18072023 95 0.364267
18072024 92 0.368282
18072025 91 0.382488
18072028 88 0.390096
18072029 86 0.392857
18072031 84 0.405923
18072054 135 0.2125
18072055 136 0.264706
18072062 125 0.236559
18072063 99 0.227041
18073022 93 0.369781
18073023 90 0.309392
18073024 88 0.3917
18073025 87 0.397333
18073026 86 0.289256
18073028 84 0.395397
18073029 83 0.390582
18073031 89 0.375498
18073032 87 0.393661
18073033 85 0.394996
18073034 84 0.403471
18073042 80 0.511111
18073043 80 0.436441
18073046 80 0.415335
18073057 98 0.303748
18073058 94 0.36339
18073059 91 0.376307
18074001 97 0.34466
18074002 94 0.341067
18074003 94 0.37931
18074004 90 0.383733
18074005 87 0.41787
18074006 83 0.41897
18074007 81 0.414634
18074012 92 0.330587
18074013 89 0.358578
18074014 86 0.393127
18074015 83 0.427336
18074019 93 0.360313
18074020 90 0.363095
18074021 91 0.361768
18074023 91 0.37037
18074024 89 0.395223
18074026 87 0.431208
18074027 86 0.426471
18074029 86 0.361905
18074030 85 0.401292
18074031 84 0.399103
18074032 83 0.440165
18074051 113 0.253425
18074053 108 0.306452
18074055 102 0.303306
18074059 100 0.340568
18074060 98 0.35249
18075001 98 0.298246
18075002 97 0.361982
18075003 94 0.358811
18075004 92 0.367079
18075009 132 0.230519
18075010 135 0.175676
18075011 127 0.206186
18075012 126 0.234742
18075014 121 0.22439
18075015 118 0.260541
18075016 115 0.267474
18075017 111 0.284426
18075018 107 0.301541
18075019 104 0.335689
18075020 104 0.332335
18075079 116 0.25969
18075081 112 0.253371
18075082 110 0.277561
18075083 105 0.312787
18075084 102 0.336461
18075085 114 0.26127
18075086 113 0.271818
18075087 109 0.271175
18075088 109 0.2979
18075089 106 0.298578
18075090 107 0.394737
18075091 104 0.312627
18075092 102 0.312057
18075093 101 0.412844
18076001 99 0.344218
18076002 98 0.33833
18076008 129 0.111111
18076009 126 0.214286
18076014 121 0.238462
18076023 114 0.278443
18076024 111 0.321561
18076025 108 0.27634
18076026 106 0.333333
18076028 104 0.300085
18076029 102 0.362553
18076030 100 0.344767
18076031 98 0.35512
18076032 98 0.41704
18076035 93 0.371966
18076062 131 0.212766
18076063 131 0.204819
18076065 122 0.215325
18076066 119 0.278772
18076067 119 0.284768
18076068 115 0.273769
18076070 128 0.21851
18076071 124 0.237467
18076072 121 0.260157
18076073 119 0.250685
18076074 116 0.258621
18076075 113 0.260434
18076079 112 0.292231
18077004 126 0.243089
18077007 119 0.263496
18077011 130 0.22147
18077012 124 0.231072
18077013 119 0.222317
18077031 117 0.260148
18077032 113 0.271646
18077033 110 0.283582
18077034 127 0.222812
18077035 121 0.248332
18077036 119 0.252684
18077037 115 0.267327
18077041 114 0.208054
18077045 111 0.302968
18077047 108 0.309047
18078001 106 0.310376
18078002 104 0.338658
18078004 103 0.305825
18078008 131 0.230508
18078012 129 0.218698
18078013 125 0.224339
18078014 122 0.257191
18078015 118 0.263754
18078016 117 0.311828
18078021 111 0.281423
18078022 126 0.232673
18078024 123 0.25211
18078025 121 0.229866
18078026 118 0.276923
18078027 118 0.294964
18078028 114 0.259701
18078029 112 0.246711
18078030 112 0.307692
18078033 110 0.278768
18078034 110 0.286533
18078044 128 0.229835
18078045 124 0.246377
18078046 119 0.251629
18078047 117 0.207627
18078048 133 0.219561
18078049 133 0.216216
18078050 126 0.249362
18078051 124 0.251748
18078052 119 0.264113
18078053 116 0.270567
18078054 116 0.273832
18078056 113 0.284784
18078057 108 0.314194
18078058 108 0.307301
18079001 116 0.277959
18079002 113 0.296599
18079003 127 0.2176
18079004 125 0.244192
18079005 120 0.239024
18079006 116 0.259639
18079007 113 0.281579
18079008 111 0.303421
18079009 107 0.306592
18079010 102 0.301587
18079013 104 0.325667
18079015 99 0.305677
18079016 101 0.363636
18079031 126 0.249379
18079032 121 0.262014
18079037 133 0.217949
18079039 127 0.224348
18079040 123 0.234542
18079041 119 0.263502
18079042 117 0.252711
18079043 116 0.26506
18079044 132 0.22924
18079046 125 0.241149
18079047 123 0.263072
18079048 118 0.270423
18079050 116 0.248968
18079052 110 0.284264
18079053 111 0.305635
18079054 110 0.346037
18079062 118 0.254762
18080002 106 0.296552
18080003 119 0.265306
18080004 115 0.286081
18080006 113 0.289343
18080007 109 0.285365
18080008 106 0.315558
18080009 103 0.346959
18080010 102 0.362903
18080020 129 0.21124
18080022 123 0.230769
18080023 120 0.266994
18080024 118 0.255125
18080025 108 0.28
18080027 131 0.2
18080030 124 0.23127
18080031 123 0.247771
18080034 120 0.239903
18080035 116 0.289602
18080037 113 0.298195
18080038 110 0.301799
18080039 110 0.30956
18080040 108 0.265625
18080048 129 0.229469
18080049 131 0.223529
18080050 128 0.22449
18080051 125 0.23556
18080057 116 0.270872
18080058 113 0.302905
18080059 128 0.282178
18080060 126 0.249812
18080062 122 0.245133
18080063 120 0.27187
18080064 117 0.265359
18081004 132 0.239748
18081005 132 0.192651
18081006 126 0.242661
18081007 124 0.208443
18081009 121 0.26149
18081012 121 0.326531
18081014 123 0.25
18081015 131 0.20217
18081017 124 0.245747
18081021 122 0.262397
18081024 116 0.206304
18081079 128 0.227743
18081080 126 0.26257
18081081 121 0.268557
18082001 119 0.298387
18082003 112 0.295588
18082004 130 0.173077
18082006 126 0.246951
18082007 124 0.282263
18082008 121 0.287926
18082009 118 0.254163
18082010 117 0.308351
18082011 115 0.307985
18082013 111 0.306405
18082015 106 0.310734
18082017 106 0.296545
18082019 103 0.305284
18082034 115 0.28388
18082039 112 0.291363
18082040 127 0.17037
18082042 124 0.250156
18082043 119 0.245831
18082044 118 0.262763
18082045 114 0.2751
18082046 111 0.277335
18082047 109 0.308387
18083001 106 0.26556
18083002 108 0.331256
18083003 104 0.328307
18083004 102 0.324051
18083006 101 0.316863
18057084 68 0.437848
18083011 131 0.228307
18083014 120 0.230769
18083015 118 0.274306
18083016 116 0.268371
18083018 112 0.278374
18083019 110 0.264586
18083020 126 0.253197
18083021 122 0.237064
18083022 120 0.275556
18057087 67 0.451282
18083023 117 0.291572
18083024 113 0.281642
18083025 111 0.28433
18083026 111 0.341463
18083029 108 0.306593
18083030 105 0.33065
18083031 104 0.335392
18083043 135 0.203205
18057088 65 0.477184
18083045 132 0.213003
18083047 128 0.235705
18083048 123 0.2526
18083064 113 0.280535
18083065 112 0.296042
18083066 112 0.307
18083067 128 0.238865
18083069 124 0.243812
18057089 63 0.477747
18083070 122 0.268348
18083071 123 0.267022
18083072 122 0.255971
18083073 118 0.274579
18083074 117 0.279645
18083075 115 0.298668
18083077 113 0.310846
18084003 129 0.219314
18057090 62 0.458388
18084004 126 0.24312
18084005 123 0.235788
18084007 120 0.262347
18084008 117 0.27426
18084009 115 0.285811
18057091 63 0.480769
18084021 123 0.251711
18084022 119 0.272727
18084023 117 0.284786
18084027 109 0.324972
18084028 127 0.245634
18084029 122 0.263756
18084030 120 0.277077
18084031 117 0.279723
18057092 62 0.488987
18084032 115 0.294957
18084036 112 0.315282
18084037 109 0.313119
18084038 108 0.313944
18084040 105 0.329813
18084041 104 0.330063
18084042 102 0.342526
18084046 121 0.267055
18084048 116 0.282367
18084049 113 0.301228
18084050 125 0.277778
18084052 110 0.299845
18084053 127 0.253328
18084054 125 0.232704
18084056 122 0.263542
18084058 118 0.280791
18084059 116 0.304856
18084061 114 0.292781
18084062 113 0.293587
18085001 110 0.311579
18085002 96 0.333333
18085011 127 0.241204
18057106 88 0.411248
18085012 124 0.257743
18085013 119 0.266251
18085014 116 0.28261
18085015 114 0.295057
18085017 128 0.241608
18085018 124 0.25
18085019 121 0.254084
18085020 118 0.276712
18085021 116 0.284429
18085022 114 0.288623
18058007 84 0.422445
18085023 113 0.299768
18085024 111 0.310342
18085025 110 0.302618
18085026 108 0.305572
18085034 134 0.233094
18085035 131 0.234624
18085037 125 0.251923
18058008 82 0.408451
18085039 120 0.267776
18085040 118 0.282443
18085041 116 0.267474
18085042 111 0.277919
18085043 118 0.313788
18085044 128 0.234812
18085045 126 0.251026
18085046 125 0.256946
18085047 127 0.272106
18085049 122 0.26758
18085050 122 0.236318
18085051 119 0.28081
18085052 118 0.275357
18085054 114 0.287066
18085055 114 0.306925
18085056 110 0.181818
18085057 109 0.314946
18085058 110 0.306767
18085060 106 0.330067
18085061 104 0.339424
18086003 120 0.256791
18086004 114 0.286586
18086005 109 0.310701
18086006 104 0.342142
18086015 130 0.230092
18086016 126 0.253039
18086017 122 0.277687
18086021 133 0.231367
18086024 128 0.238677
18086026 122 0.257049
18086027 119 0.274158
18086028 116 0.282425
18086030 116 0.289109
18086033 113 0.300626
18086034 110 0.30813
18086041 106 0.328658
18086052 128 0.236398
18086053 124 0.245701
18086054 125 0.269856
18087003 117 0.266585
18087004 113 0.292262
18087006 109 0.31147
18087007 105 0.312209
18087008 128 0.256098
18087009 125 0.24902
18087010 119 0.266211
18087011 117 0.279678
18087012 112 0.295002
18087013 113 0.303265
18087014 109 0.313277
18087015 108 0.320901
18058016 79 0.538462
18087016 105 0.330008
18087017 105 0.320566
18087018 102 0.326111
18087019 100 0.350069
18087020 101 0.353357
18087021 99 0.355723
18087022 99 0.364343
18087023 98 0.366433
18087024 97 0.372891
18058018 73 0.497778
18087043 132 0.224536
18087044 129 0.22829
18087046 126 0.246228
18087047 120 0.260601
18087048 119 0.276506
18087049 134 0.228703
18087051 133 0.218368
18087052 131 0.214325
18058025 69 0.551724
